  5.0048
       5
  4.9976
  4.9952
  4.9928
  4.9904
  4.9928
  4.9976
  4.9952
  4.9904
  4.9785
  4.9785
  4.9737
  4.9618
  4.9498
  4.9259
  4.9092
  4.8782
  4.8471
  4.8041
  4.7492
  4.6895
  4.6369
  4.5843
  4.5628
  4.6082
  4.7372
  4.9068
  5.1051
  5.2914
  5.4204
  5.4682
  5.4587
  5.3989
  5.3297
  5.2652
  5.2078
  5.1744
  5.1362
  5.1099
   5.086
  5.0621
  5.0478
  5.0334
  5.0311
  5.0239
  5.0191
  5.0096
  4.9952
  4.9857
  4.9833
  4.9833
  4.9833
  4.9881
  5.0048
  5.0215
  5.0382
  5.0502
  5.0502
  5.0454
   5.043
  5.0358
  5.0311
  5.0287
  5.0287
  5.0239
  5.0191
  5.0167
  5.0143
  5.0167
  5.0096
  5.0096
  5.0096
  5.0096
  5.0048
  5.0024
  5.0072
  5.0096
  5.0096
  5.0048
  5.0024
  5.0048
  5.0024
  5.0072
  5.0096
  5.0072
  5.0072
  5.0024
  5.0024
  5.0048
  5.0096
  5.0048
  5.0024
  5.0072
  5.0048
  5.0072
  5.0048
  5.0072
  5.0024
  5.0048
  5.0024
  5.0024
  5.0048
  5.0048
  5.0048
  5.0048
  5.0072
  5.0048
  5.0072
  5.0048
  5.0048
  5.0048
       5
       5
  5.0024
  5.0048
  5.0048
  5.0048
  5.0048
       5
       5
       5
       5
  5.0024
  5.0024
  5.0024
  5.0024
  5.0024
       5
  5.0024
       5
       5
       5
  5.0024
  4.9976
       5
       5
  5.0024
  4.9952
  4.9928
  4.9904
  4.9904
  4.9857
  4.9857
  4.9785
  4.9761
  4.9713
  4.9713
  4.9761
  4.9857
  4.9976
  5.0096
  5.0191
  5.0215
  5.0191
  5.0191
  5.0119
  5.0048
  4.9952
  4.9857
  4.9761
  4.9666
  4.9546
  4.9379
  4.9164
  4.8949
  4.8686
  4.8447
  4.8376
  4.8495
  4.8949
  4.9618
   5.043
  5.1171
  5.1601
  5.1648
  5.1505
  5.1242
  5.0956
  5.0717
  5.0502
  5.0406
  5.0287
  5.0215
  5.0167
  5.0143
  5.0096
  5.0048
  5.0048
  5.0024
  5.0024
  5.0024
       5
  4.9976
  4.9976
  4.9952
  4.9928
  4.9904
  4.9857
  4.9857
  4.9857
  4.9881
  4.9976
       5
       5
  5.0096
  5.0119
  5.0119
  5.0119
  5.0072
  5.0072
  5.0048
  5.0048
  5.0048
  5.0048
       5
  4.9976
  4.9976
       5
  4.9976
       5
  4.9976
       5
  5.0024
       5
  4.9976
  4.9928
  4.9952
  4.9952
  4.9928
  4.9952
  4.9904
  4.9904
  4.9952
       5
       5
       5
  5.0024
       5
  4.9976
  4.9976
  4.9976
       5
  4.9976
  4.9976
  4.9952
  4.9904
  4.9928
  4.9976
  4.9952
  4.9928
  4.9904
  4.9881
  4.9928
  4.9928
  4.9952
  5.0024
  5.0048
  5.0048
  5.0024
  5.0024
  5.0024
       5
  4.9976
  4.9952
  4.9928
  4.9952
  4.9928
  4.9952
  4.9952
  4.9952
       5
       5
  4.9976
  4.9952
  4.9928
  4.9976
  4.9976
       5
       5
  4.9976
  4.9976
  4.9976
  4.9976
  4.9976
  5.0024
  4.9976
  4.9952
       5
  4.9928
  4.9976
  4.9976
  4.9952
  4.9904
  4.9952
  4.9952
       5
  4.9928
  4.9928
  4.9904
  4.9904
  4.9904
  4.9928
  4.9976
  4.9976
  4.9928
  4.9881
  4.9857
  4.9928
  4.9976
  5.0024
  4.9952
  4.9952
  4.9928
       5
  5.0072
       5
  5.0024
       5
  4.9952
  4.9904
  4.9904
  4.9928
       5
       5
  4.9976
  4.9904
  4.9904
  4.9952
       5
       5
  4.9952
  4.9904
  4.9904
  4.9904
  4.9904
  4.9928
  5.0024
  5.0048
  4.9952
  4.9928
  4.9904
  4.9952
  4.9976
       5
       5
  4.9976
  4.9928
       5
  4.9976
  4.9928
  4.9952
  4.9928
  4.9904
  4.9976
  4.9952
  4.9904
  4.9976
       5
  4.9952
  4.9857
  4.9952
       5
  5.0048
  4.9976
  4.9881
  4.9881
  4.9952
  4.9976
  4.9928
  4.9904
  4.9928
  4.9833
  4.9952
  4.9881
  4.9928
  4.9952
  4.9976
  4.9976
  4.9952
  4.9809
  4.9833
  4.9904
  4.9928
  4.9952
  4.9857
  4.9809
  4.9904
       5
  4.9976
  4.9928
  4.9881
  4.9928
  4.9928
  4.9904
  4.9952
  4.9881
  4.9904
  4.9904
  4.9881
  4.9928
  4.9928
  4.9976
  4.9976
  4.9976
  4.9904
  4.9857
  4.9737
  4.9737
  4.9761
  4.9857
  4.9833
  4.9761
  4.9785
  4.9785
  4.9618
  4.9546
  4.9498
  4.9594
  4.9451
  4.9451
  4.9355
  4.9259
  4.9164
  4.9044
  4.8829
  4.8543
  4.8208
  4.7826
  4.7325
  4.6703
  4.5796
   4.453
  4.2881
   4.097
  3.8892
  3.7005
  3.5906
  3.5882
  3.7817
   4.238
  4.9379
  5.6307
  6.1705
  6.4166
   6.419
    6.29
  6.0439
    5.86
  5.6784
  5.5017
  5.4061
  5.3392
  5.2652
  5.2078
  5.1672
  5.1338
  5.1075
  5.0932
  5.0956
  5.0788
  5.0597
  5.0549
  5.0478
  5.0502
  5.0358
  5.0263
  5.0239
  5.0263
  5.0358
  5.0287
  5.0167
  5.0119
  5.0143
  5.0048
  5.0096
  5.0048
  5.0096
  5.0072
  5.0119
  4.9952
  4.9952
  5.0072
  5.0096
  5.0024
  4.9952
  4.9881
  4.9928
  4.9881
  4.9928
  4.9976
       5
       5
  5.0048
  5.0048
  5.0143
  5.0096
  5.0096
  5.0072
  4.9952
       5
  5.0119
  5.0096
  5.0191
  5.0167
  4.9976
  4.9904
  4.9952
  5.0072
  5.0119
  5.0119
  4.9952
  4.9952
  5.0024
  4.9976
  5.0024
  5.0096
  5.0024
  4.9976
  4.9952
       5
  4.9952
  4.9976
       5
  5.0096
  5.0072
  5.0048
  4.9904
  4.9928
  4.9904
  4.9976
  4.9976
  4.9881
  4.9857
  4.9881
  4.9857
  4.9857
  4.9952
  5.0024
  5.0143
  5.0215
  5.0215
  5.0143
  5.0167
  5.0096
  5.0167
  5.0119
  5.0048
  5.0024
  5.0048
  5.0072
       5
  5.0024
  5.0048
  5.0024
  5.0072
  5.0096
  5.0048
  4.9976
       5
       5
  4.9976
  5.0024
       5
  4.9976
  5.0048
  5.0096
  5.0024
       5
  5.0024
  4.9928
  4.9976
       5
       5
  5.0024
  5.0096
  5.0143
  5.0096
  5.0048
  5.0048
  5.0119
       5
  5.0024
  4.9976
  5.0024
  5.0024
  5.0096
  5.0048
  5.0024
  4.9928
       5
  5.0048
       5
  5.0048
  5.0024
  5.0024
  4.9976
       5
  5.0024
  5.0048
       5
  5.0024
  5.0048
  5.0048
  5.0048
  5.0072
       5
  5.0119
  5.0096
  5.0096
  5.0072
  5.0024
  4.9952
  4.9928
  4.9904
  4.9904
  4.9952
       5
  5.0048
  5.0072
  5.0167
  5.0239
  5.0167
  5.0119
  5.0119
  5.0072
  5.0096
  5.0119
  5.0072
  5.0096
  5.0119
  5.0119
  5.0096
  5.0072
  5.0096
  5.0143
  5.0143
  5.0096
  5.0024
  5.0024
       5
  5.0048
  5.0119
  5.0119
  5.0143
  5.0096
  5.0048
  5.0096
  5.0048
  5.0048
  5.0024
  5.0072
  5.0119
  5.0143
  5.0048
  5.0024
  5.0024
  5.0096
  5.0096
  5.0048
  4.9976
  5.0024
  5.0024
  5.0024
       5
  5.0024
       5
  4.9952
  4.9952
  4.9904
  4.9881
  4.9809
  4.9737
  4.9689
  4.9594
  4.9474
  4.9379
  4.9474
  4.9689
       5
  5.0382
  5.0597
  5.0764
  5.0669
  5.0597
  5.0478
  5.0406
  5.0358
  5.0311
  5.0239
  5.0191
  5.0143
  5.0119
  5.0119
  5.0072
  5.0096
  5.0072
  5.0072
  5.0072
  5.0072
  5.0048
  5.0072
  5.0096
  5.0096
  5.0048
  5.0024
  5.0024
  4.9976
  5.0048
  5.0048
  5.0048
  5.0048
  5.0024
  5.0048
  5.0072
  5.0048
  5.0072
  5.0048
  5.0072
  5.0048
  5.0048
  5.0024
  5.0072
  5.0048
  5.0072
  5.0048
  5.0048
       5
  5.0024
  4.9976
  4.9952
  4.9952
  4.9928
  4.9857
  4.9857
  4.9881
  4.9928
  5.0024
  5.0072
  5.0119
  5.0143
  5.0167
  5.0191
  5.0167
  5.0143
  5.0096
  5.0119
  5.0096
  5.0048
  5.0096
  5.0072
  5.0072
  5.0072
  5.0048
  5.0048
  5.0024
  5.0048
  5.0048
  5.0048
  5.0024
  5.0048
  5.0024
  5.0024
  5.0024
       5
       5
  5.0024
       5
       5
  5.0024
       5
       5
  5.0024
  4.9976
       5
  5.0024
       5
  5.0024
  4.9976
  4.9976
  4.9976
       5
       5
  4.9976
       5
       5
       5
       5
  4.9976
       5
       5
  4.9976
  4.9976
  4.9976
  4.9976
  4.9976
  4.9976
  4.9976
  4.9976
  4.9952
  5.0024
       5
       5
       5
  4.9976
  4.9952
  4.9952
  4.9952
  4.9976
  4.9952
  4.9928
  4.9976
  4.9952
  4.9928
  4.9904
  4.9904
  4.9857
  4.9857
  4.9857
  4.9833
  4.9833
  4.9833
  4.9809
  4.9833
  4.9809
  4.9785
  4.9713
  4.9618
  4.9522
  4.9427
  4.9283
   4.914
  4.8925
  4.8686
  4.8304
  4.7874
  4.7253
  4.6369
  4.5413
  4.4721
  4.3741
  4.3383
   4.367
  4.5485
  4.8591
   5.215
  5.5184
  5.6617
   5.676
  5.6092
  5.4849
  5.3822
  5.3105
   5.246
  5.2007
  5.1577
  5.1242
  5.0932
  5.0741
  5.0597
  5.0406
  5.0263
  5.0191
  5.0167
  5.0167
  5.0215
  5.0239
  5.0287
  5.0287
  5.0287
  5.0239
  5.0167
  5.0119
  5.0143
  5.0119
  5.0096
  5.0072
  5.0048
  5.0048
  5.0024
       5
  5.0024
       5
  4.9976
  4.9952
  4.9976
       5
  4.9976
  4.9976
       5
  5.0024
       5
  4.9976
  4.9952
       5
  4.9952
       5
  4.9976
  4.9952
  4.9952
  4.9976
  4.9928
  4.9952
  4.9952
  4.9976
  4.9952
  4.9952
  4.9928
  4.9928
  4.9904
  4.9881
  4.9881
  4.9833
  4.9833
  4.9809
  4.9809
  4.9785
  4.9881
  4.9928
       5
  5.0096
  5.0072
  5.0024
  4.9952
  4.9904
  4.9857
  4.9761
  4.9689
  4.9737
  4.9809
  4.9928
  5.0024
  5.0143
  5.0239
  5.0263
  5.0215
  5.0143
  5.0119
  5.0143
  5.0096
  5.0048
       5
  4.9976
  4.9952
  4.9976
  4.9952
  4.9976
  4.9952
  4.9952
  4.9976
       5
  4.9976
  4.9952
       5
  4.9952
  4.9976
  4.9928
  4.9952
  4.9976
  4.9928
  4.9952
  4.9976
       5
  4.9976
  4.9928
  4.9928
  4.9976
  4.9952
  4.9952
  4.9928
  4.9928
  4.9952
  4.9976
  4.9928
  4.9881
  4.9928
  4.9928
  4.9952
  4.9976
  4.9952
  4.9928
  4.9976
       5
  4.9952
       5
  4.9952
  4.9952
  4.9928
  4.9928
  4.9976
  4.9952
  4.9904
  4.9952
  4.9952
  4.9952
  4.9952
  4.9928
  4.9952
  4.9928
  4.9952
  4.9976
  4.9952
  4.9904
  4.9952
       5
  4.9952
  4.9952
  4.9952
  4.9881
  4.9952
  4.9928
  5.0024
  4.9952
  4.9904
  4.9976
  4.9952
  4.9928
  4.9952
  4.9952
  4.9928
  4.9976
  4.9976
  4.9976
  4.9928
  4.9952
  4.9976
       5
  4.9952
       5
  4.9976
  4.9976
  4.9904
  4.9928
       5
  4.9904
  4.9904
  4.9952
  4.9904
  4.9976
  4.9904
  4.9904
  4.9976
  4.9952
  4.9952
  4.9928
  4.9952
  4.9904
  4.9904
  4.9976
       5
  5.0048
  5.0024
  5.0048
  5.0024
  4.9952
  4.9952
       5
       5
       5
  4.9952
  4.9952
  4.9904
  4.9952
  4.9976
       5
  4.9928
  4.9976
  4.9952
  4.9928
  4.9904
       5
  4.9976
  4.9904
  4.9881
  4.9952
  4.9928
  4.9928
  4.9904
  4.9904
  4.9976
  4.9976
  4.9928
       5
       5
  5.0072
       5
  4.9952
  4.9928
  4.9976
  4.9976
       5
       5
  5.0024
  4.9976
       5
  4.9952
  4.9976
       5
  4.9976
       5
  4.9952
  4.9952
       5
  5.0048
  5.0096
  4.9952
  4.9952
  4.9976
       5
       5
  5.0048
       5
  4.9952
  4.9952
       5
  4.9952
  4.9952
  5.0048
  5.0024
  4.9976
  4.9857
  4.9857
       5
  5.0048
  5.0048
  4.9952
  4.9952
  4.9976
  5.0024
  4.9976
  4.9952
       5
  5.0072
       5
  4.9952
  5.0024
  5.0072
  5.0048
  4.9976
       5
       5
  4.9952
       5
  5.0024
  4.9976
       5
  4.9928
  4.9952
  4.9928
       5
  4.9976
  4.9976
  4.9952
  4.9952
  4.9976
       5
  4.9952
  4.9976
  4.9928
  4.9904
  4.9952
  4.9952
  4.9976
  4.9976
  4.9952
  4.9904
  4.9904
  4.9809
  4.9761
  4.9785
  4.9713
  4.9522
  4.9379
  4.9188
  4.8973
  4.8662
  4.8423
  4.8304
  4.8352
  4.8734
  4.9427
  5.0191
  5.0908
  5.1481
  5.1672
  5.1648
  5.1386
  5.1147
  5.0812
  5.0549
  5.0478
  5.0382
  5.0311
  5.0263
  5.0143
  5.0072
  5.0048
  5.0024
  4.9928
  4.9928
  4.9928
  4.9857
  4.9881
  4.9809
  4.9809
  4.9785
  4.9785
  4.9713
  4.9689
  4.9618
   4.957
  4.9522
  4.9403
  4.9259
  4.9188
  4.9021
  4.8877
   4.871
  4.8662
  4.8519
  4.8399
  4.8256
  4.7898
  4.7348
  4.6608
  4.5533
   4.398
  4.2045
  3.9609
  3.6623
  3.3015
  2.9552
  2.7163
  2.7258
  3.0268
  3.8223
  4.8806
  6.0081
    6.88
  7.3291
   7.482
  7.2933
  6.9206
  6.5933
  6.2637
  5.9866
  5.7501
  5.5853
  5.4802
   5.375
  5.2938
  5.2437
  5.2031
  5.1648
  5.1433
  5.1242
  5.1051
  5.0884
  5.0764
  5.0669
  5.0621
  5.0573
  5.1003
   5.043
   5.043
   5.043
  5.0454
  5.0358
  5.0334
  5.0287
  5.0287
  5.0215
  5.0191
  5.0191
  5.0215
  5.0143
  5.0143
  5.0119
  5.0119
  5.0119
  5.0072
  5.0048
       5
  4.9976
  4.9904
  4.9928
  4.9976
  5.0072
  5.0167
  5.0191
  5.0263
  5.0215
  5.0287
  5.0239
  5.0191
  5.0143
  5.0191
  5.0119
  5.0143
  5.0119
  5.0167
  5.0096
  5.0048
  5.0072
  5.0096
  5.0072
  5.0048
  5.0072
  5.0072
  5.0072
  5.0096
  5.0072
  5.0072
  5.0119
  5.0072
  5.0072
  5.0024
  5.0072
  5.0096
  5.0072
  5.0024
  5.0024
  5.0024
  5.0024
  5.0024
  5.0024
       5
  5.0072
  5.0024
  4.9952
  4.9952
  4.9952
  4.9928
       5
  5.0048
  5.0096
  5.0119
  5.0119
  5.0143
  5.0096
  5.0072
  5.0048
       5
  4.9952
  4.9952
  4.9928
  4.9904
  4.9904
  4.9952
  5.0048
  5.0119
  5.0167
  5.0215
  5.0191
  5.0143
  5.0096
  5.0096
  5.0072
  5.0024
  5.0048
  5.0072
  5.0096
  5.0048
  5.0024
  5.0024
  5.0024
  5.0048
  5.0048
  5.0024
  5.0024
  5.0024
  5.0024
       5
  4.9785
  5.0048
  5.0048
  5.0048
  5.0072
       5
       5
       5
  5.0024
  5.0048
  5.0024
  5.0024
       5
  5.0024
  5.0048
       5
       5
       5
  5.0048
  5.0024
  5.0048
  5.0024
       5
       5
       5
       5
  5.0024
       5
  4.9952
  4.9976
  4.9976
       5
  5.0024
  5.0024
  5.0024
       5
  5.0024
  5.0024
       5
       5
  5.0024
  5.0024
  4.9976
  4.9976
  5.0024
  5.0024
  5.0048
  4.9976
  4.9976
  4.9976
       5
  4.9976
       5
  4.9952
  4.9952
  4.9976
  4.9976
  4.9976
       5
  5.0048
  5.0024
  5.0024
  4.9952
  4.9952
  4.9976
  4.9952
  4.9928
  4.9928
  4.9928
  4.9928
  4.9952
  4.9928
  4.9952
  4.9976
       5
  4.9976
  4.9976
  4.9976
       5
  4.9976
  4.9976
  4.9952
  4.9952
  4.9952
  4.9976
  4.9976
  4.9952
  4.9928
  4.9928
  4.9928
  4.9952
  4.9928
  4.9928
  4.9928
  4.9952
  4.9952
       5
  4.9976
  4.9976
  4.9952
  4.9976
  4.9976
  4.9976
  4.9976
  4.9952
  4.9904
  4.9928
  4.9976
  4.9976
  4.9952
  4.9928
  4.9928
  4.9904
  4.9904
  4.9928
  4.9952
  4.9928
  4.9976
  4.9976
  4.9952
  4.9904
  4.9928
  4.9976
  4.9952
  4.9928
  4.9976
  4.9976
  4.9952
  4.9928
  4.9952
  4.9928
  4.9904
  4.9904
  4.9904
  4.9928
  4.9881
  4.9928
  4.9952
  4.9952
  4.9904
  4.9904
  4.9928
  4.9904
  4.9881
  4.9904
  4.9881
  4.9952
  4.9976
  4.9976
  4.9976
       5
  5.0024
  4.9976
  4.9952
  4.9952
  4.9952
  4.9976
       5
  4.9952
  4.9904
  4.9904
  4.9928
  4.9928
  4.9928
  4.9928
  4.9928
  4.9928
  4.9928
  4.9928
  4.9928
  4.9928
  4.9952
  4.9928
  4.9952
  4.9928
  4.9952
  4.9904
  4.9904
  4.9904
  4.9928
  4.9904
  4.9928
  4.9952
  4.9928
  4.9928
  4.9952
  4.9952
  4.9952
  4.9928
  4.9881
  4.9904
  4.9928
  4.9904
  4.9928
  4.9904
  4.9881
  4.9904
  4.9881
  4.9904
  4.9881
  4.9881
  4.9857
  4.9904
  4.9952
  4.9928
  4.9928
  4.9928
  4.9904
  4.9904
  4.9952
  4.9928
  4.9904
  4.9857
  4.9904
  4.9904
  4.9881
  4.9833
  4.9857
  4.9881
  4.9833
  4.9737
  4.9785
  4.9761
  4.9713
  4.9666
  4.9666
  4.9594
  4.9546
  4.9427
  4.9331
  4.9236
  4.9092
  4.8853
  4.8495
  4.8065
  4.7516
  4.6847
  4.5891
  4.4792
  4.3622
  4.2547
  4.1902
  4.2284
  4.4291
  4.7826
  5.2054
   5.559
  5.7644
   5.817
  5.7644
  5.6498
   5.516
  5.4013
  5.3058
  5.2317
  5.1744
  5.1242
  5.1003
  5.0741
  5.0573
  5.0502
  5.0502
   5.043
  5.0239
  5.0167
  5.0072
  5.0096
  5.0072
  5.0072
  4.9928
  4.9881
  4.9857
  4.9904
  4.9952
  5.0024
  5.0096
  5.0143
  5.0143
  5.0143
  5.0143
  5.0167
  5.0096
  5.0024
  5.0024
       5
  4.9952
  5.0024
       5
  4.9904
  4.9833
  4.9737
  4.9689
  4.9689
  4.9713
  4.9761
  4.9833
  4.9857
  4.9928
  5.0119
  5.0263
  5.0263
  5.0287
  5.0167
  5.0072
  5.0072
  5.0072
  5.0072
  5.0573
  5.0048
  5.0048
  5.0024
  4.9952
  4.9976
  4.9857
  4.9833
  4.9761
  4.9761
  4.9833
  4.9809
  4.9713
  4.9642
  4.9594
  4.9618
  4.9666
  4.9952
  5.0143
  5.0239
  5.0311
  5.0311
  5.0287
  5.0191
  5.0239
  5.0167
  5.0072
  4.9904
  4.9928
       5
  5.0024
  5.0119
  5.0119
  5.0119
  4.9976
  4.9904
  4.9928
  4.9904
  4.9976
       5
  5.0096
  5.0024
       5
  4.9952
  4.9952
  4.9904
  5.0048
  5.0024
  4.9952
  4.9928
  4.9976
  4.9976
  5.0024
       5
  4.9952
  4.9904
  4.9928
  4.9976
  5.0072
  5.0048
  4.9976
  4.9928
  4.9928
  4.9976
  4.9976
  5.0024
       5
  4.9976
  4.9881
  4.9904
  4.9976
  5.0072
       5
  4.9976
  4.9904
  4.9857
  4.9952
  5.0024
  5.0048
  4.9976
  4.9928
  4.9881
  4.9833
  4.9833
  4.9881
  4.9928
  4.9976
  4.9904
  4.9904
  4.9833
  4.9737
  4.9737
  4.9785
  4.9881
  5.0072
  5.0263
  5.0287
  5.0287
  5.0263
  5.0143
  5.0167
  5.0143
  5.0143
  5.0191
  5.0191
  5.0072
       5
  4.9976
  4.9976
  4.9976
  5.0096
  5.0143
  5.0119
  4.9952
       5
  5.0191
  4.9809
  5.0072
  5.0215
  5.0191
  5.0167
