  5.1099
  5.1099
  5.0812
  5.0693
  5.0764
   5.086
  5.0908
  5.0884
  5.0956
  5.1051
  5.1123
  5.1099
  5.1171
  5.1242
  5.1266
  5.1194
  5.1218
  5.0979
  5.0717
  5.0788
  5.0884
  5.0788
  5.0788
  5.0454
  5.0621
  5.0645
  5.0669
  5.0741
  5.0884
  5.1003
  5.1099
  5.0979
  5.0956
  5.0908
  5.1003
  5.1075
  5.1051
  5.0956
  5.1123
  5.1099
  5.1027
  5.1123
  5.0956
  5.0812
  5.0717
  5.0669
  5.0836
  5.0741
  5.0597
  5.0597
  5.0693
  5.0764
  5.1099
  5.0741
  5.0788
  5.0717
  5.0669
  5.0812
  5.0741
   5.086
  5.0788
  5.1051
  5.0717
   5.086
  5.0884
  5.0645
  5.0573
  5.0693
  5.0764
  5.0812
  5.0884
  5.0979
  5.0956
  5.1003
  5.0956
  5.0932
  5.0908
  5.1003
  5.0908
  5.0908
   5.086
  5.0645
  5.0764
  5.0621
  5.0645
  5.0788
  5.0764
  5.0956
  5.0788
  5.0764
  5.0669
   5.086
  5.0788
  5.0669
  5.0621
  5.0717
  5.0717
  5.0764
  5.0812
  5.0645
  5.0573
  5.0478
  5.0549
  5.0526
  5.0502
  5.0502
  5.0406
  5.0454
   5.043
   5.043
  5.0382
  5.0382
  5.0358
  5.0358
  5.0454
  5.0311
  5.0334
  5.0358
   5.043
  5.0334
  5.0287
  5.0358
  5.0334
  5.0287
  5.0215
  5.0311
  5.0239
  5.0311
  5.0334
  5.0334
  5.0334
  5.0334
  5.0263
  5.0311
  5.0287
  5.0287
  5.0263
  5.0263
  5.0287
  5.0239
  5.0263
  5.0215
  5.0191
  5.0215
  5.0215
  5.0287
  5.0263
  5.0167
  5.0119
  5.0048
  5.0048
       5
  4.9976
       5
  5.0096
  5.0072
  5.0143
  5.0191
  5.0191
  5.0072
  5.0096
  5.0072
  5.0072
  5.0119
  5.0143
  4.9952
  4.9976
       5
  5.0024
  4.9976
  5.0048
  5.0096
  5.0048
  5.0072
  5.0024
  5.0048
  4.9976
  4.9904
  4.9976
       5
  4.9952
  4.9857
  4.9857
  4.9881
  4.9904
  4.9928
  4.9928
  4.9904
  5.0024
  4.9976
  4.9904
  4.9976
  4.9904
  4.9881
  4.9928
  4.9952
  4.9857
  4.9857
  4.9785
  4.9833
  4.9833
  4.9952
  4.9904
  4.9833
  4.9689
  4.9761
  4.9857
  5.0024
  5.0048
  4.9928
  4.9833
  4.9952
  5.0048
  4.9952
  4.9809
  4.9737
  4.9713
  5.0096
  4.9713
       5
  4.9737
  4.9857
  4.9761
  4.9737
  4.9642
  4.9642
       5
  4.9904
  4.9952
  5.0024
  4.9976
       5
  4.9952
  4.9618
   4.957
  4.9594
  4.9618
  4.9833
  4.9737
  4.9737
  4.9689
  4.9666
  4.9451
  4.9427
  4.9666
  4.9737
  4.9666
  4.9642
  4.9498
  4.9522
  4.9642
  4.9666
  4.9857
  4.9522
  4.9594
   4.957
  4.9761
  4.9785
  4.9761
  4.9833
  4.9666
  4.9809
  4.9761
  4.9952
  4.9833
  4.9666
  4.9737
  4.9522
  4.9403
  4.9522
  4.9522
  4.9379
  4.9355
  4.9474
  4.9403
  4.9307
   4.914
  4.8997
  4.8734
  4.8328
  4.7563
  4.6918
  4.6273
   4.625
  4.6656
  4.7731
  4.9331
  5.0979
  5.2222
  5.3105
  5.3177
  5.2962
  5.2604
  5.1338
  5.0741
  5.0382
  5.0119
  4.9904
  4.9761
  4.9857
  4.9689
  4.9833
  5.0048
  4.9785
  4.9666
  4.9594
  4.9522
  4.9522
  4.9451
  4.9403
  4.9594
  4.9689
  4.9785
   4.957
  4.9642
  4.9713
  4.9809
  4.9785
  4.9881
  4.9904
  4.9713
  4.9666
  4.9713
  4.9761
  4.9761
  4.9546
  4.9498
  4.9642
  4.9737
  4.9642
  4.9451
  4.9283
  4.9355
  4.9618
  4.9761
  4.9809
  4.9713
  4.9761
  4.9881
  5.0024
  4.9904
  4.9976
  5.0048
  4.9952
  4.9904
  4.9737
  4.9881
  4.9809
  4.9833
  4.9857
  4.9666
  4.9666
  4.9713
  4.9713
  4.9498
  4.9451
  4.9546
  4.9427
  4.9666
  4.9618
  4.9785
  4.9546
  4.9666
  4.9761
  4.9737
  4.9713
  4.9785
  4.9618
  4.9522
  4.9761
  4.9976
  4.9904
  4.9857
  4.9952
  4.9833
  4.9689
  4.9642
  4.9713
  4.9713
  4.9498
  4.9522
   4.957
   4.957
  4.9451
  4.9427
  4.9427
   4.957
  4.9594
  4.9355
  4.9355
  4.9403
  4.9427
  4.9379
  4.9498
  4.9666
  4.9403
  4.9761
  4.9785
  4.9618
  4.9761
  4.9881
  4.9976
  4.9833
  4.9761
  4.9809
  4.9809
  4.9904
  4.9761
  4.9594
  4.9594
   4.957
  4.9642
  4.9713
  4.9666
  4.9833
  4.9928
  4.9666
  4.9522
  4.9522
  4.9689
  4.9785
  4.9666
  4.9594
  4.9785
  4.9761
  4.9737
  4.9809
  4.9761
  4.9761
  4.9857
  4.9809
  4.9713
  4.9904
  4.9904
  4.9785
  4.9618
  4.9522
  4.9307
  4.9355
  4.9403
  4.9498
  5.0024
   5.043
   5.043
  5.0263
  5.0191
  5.0143
       5
  4.9809
  4.9857
  4.9928
  5.0024
  4.9904
  4.9666
  4.9594
  4.9881
  4.9881
  4.9857
  4.9976
  5.0024
  4.9928
  4.9904
  4.9881
  4.9952
       5
  4.9976
  4.9904
  5.0024
       5
  5.0048
  5.0024
       5
  5.0024
  4.9809
  4.9689
  4.9976
  5.0239
  5.0167
  4.9881
  4.9761
  4.9881
  5.0119
  5.0119
       5
  5.0143
  5.0167
  5.0024
  5.0167
  5.0096
  4.9952
  4.9881
       5
  5.0096
  5.0334
  5.0167
  5.0143
  5.0096
  5.0167
  5.0024
  5.0096
  5.0143
  5.0215
  5.0167
  4.9976
  5.0143
  5.0215
  5.0143
       5
  5.0167
  5.0143
  5.0191
  5.0096
  5.0191
  5.0263
  5.0143
  5.0334
  5.0191
  4.9952
  4.9833
  5.0024
  5.0263
  5.0334
  5.0167
  5.0191
  5.0287
  5.0119
  5.0048
  5.0239
  5.0287
  5.0311
  5.0334
  5.0311
  5.0263
  5.0382
  5.0526
  5.0526
   5.043
  5.0358
   5.043
   5.043
  5.0382
  5.0382
   5.043
  5.0502
  5.0478
  5.0645
  5.0549
  5.0311
  5.0191
  5.0239
  5.0311
  5.0358
  5.0287
  5.0334
  5.0382
   5.043
  5.0454
  5.0502
  5.0358
  5.0406
  5.0382
  5.0406
  5.0454
  5.0526
  5.0454
  5.0191
  5.0096
  5.0311
  5.0287
  5.0311
  5.0454
  5.0311
  5.0191
  5.0287
  5.0334
  5.0263
  5.0382
  5.0334
  5.0287
  5.0358
  5.0263
  5.0358
  5.0311
  5.0215
  5.0191
  5.0239
  5.0311
  5.0406
  5.0382
  5.0454
   5.043
   5.043
  5.0478
  5.0406
  5.0239
  5.0334
  5.0454
  5.0478
  5.0478
  5.0478
  5.0502
  5.0358
  5.0287
  5.0502
  5.0502
  5.0597
  5.0597
  5.0526
  5.0358
  5.0215
  5.0167
  5.0334
  5.0096
  5.0263
  4.9976
  4.9403
  4.9044
  4.8328
  4.7707
  4.7157
  4.7372
  4.7563
  4.8376
  5.0191
  5.2031
  5.3942
  5.4849
  5.4252
  5.3894
  5.3177
  5.2484
  5.1744
  5.1481
  5.1123
  5.0979
  5.0741
  5.0645
  5.1003
  5.0669
  5.0454
  5.0454
  5.0454
  5.0788
  5.0884
  5.0741
  5.0741
  5.0526
  5.0478
  5.0502
  5.0693
  5.1003
  5.0788
  5.0669
  5.0645
  5.0693
  5.0287
  4.9904
  4.9713
  4.9403
  4.8495
  4.7038
  4.5127
  4.2929
  4.1066
  3.9824
  4.0301
  4.3168
  4.7946
  5.3655
  5.8289
  6.1156
  6.1801
  6.0439
  5.8385
  5.6522
  5.5064
  5.3679
  5.2819
  5.2293
  5.1648
  5.1553
  5.1481
  5.1409
  5.1242
  5.1194
  5.1171
  5.0764
  5.0884
  5.0956
  5.0836
  5.0645
  5.0693
  5.0812
  5.0621
  5.0597
  5.0478
  5.0597
  5.0597
  5.0573
  5.0526
  5.0454
  5.0717
  5.0717
  5.0645
  5.0621
  5.0884
  5.0741
  5.0836
  5.0812
  5.0741
  5.0788
  5.0741
  5.0764
  5.0836
  5.0645
  5.0812
  5.0764
  5.0645
  5.0597
  5.0549
  5.0597
  5.0526
  5.0573
  5.0526
  5.0478
  5.0502
  5.0597
  5.0621
  5.0621
  5.0597
  5.0597
  5.0597
  5.0621
  5.0573
   5.043
  5.0549
  5.0573
  5.0597
  5.0526
  5.0358
  5.0382
   5.043
  5.0502
  5.0382
   5.043
  5.0478
  5.0526
  5.0502
  5.0478
   5.043
  5.0406
  5.0382
  5.0311
  5.0358
  5.0406
  5.0382
  5.0311
  5.0382
  5.0311
  5.0334
  5.0287
  5.0382
  5.0334
  5.0287
  5.0382
  5.0287
  5.0382
  5.0382
  5.0382
  5.0358
  5.0239
  5.0287
  5.0311
  5.0334
  5.0311
  5.0311
  5.0311
  5.0311
  5.0358
  5.0334
  5.0287
  5.0287
  5.0215
  5.0215
  5.0191
  5.0215
  5.0191
  5.0191
  5.0167
  5.0119
  5.0263
  5.0143
  5.0167
  5.0167
  5.0239
  5.0119
  5.0119
  5.0215
  5.0191
  5.0215
  5.0239
  5.0191
  5.0143
  5.0143
  5.0072
  5.0048
  5.0096
  5.0239
  5.0239
  5.0072
  5.0119
  5.0072
  5.0048
  4.9904
  4.9928
  5.0048
  5.0072
       5
       5
  5.0024
       5
       5
  4.9881
  4.9904
  5.0024
  5.0024
  4.9928
  5.0024
  4.9976
  4.9976
       5
  4.9881
  4.9904
  5.0072
  5.0143
  4.9952
  5.0024
  4.9976
  4.9928
  4.9761
  4.9666
  4.9689
       5
  5.0024
  5.0096
  5.0072
  4.9976
       5
  4.9785
  4.9881
  4.9976
  4.9928
  4.9857
  4.9809
  4.9928
  4.9881
  4.9809
  4.9833
  4.9928
  4.9952
       5
  4.9833
  4.9976
  4.9928
  4.9785
  4.9881
  4.9881
  4.9713
  4.9809
  4.9737
  4.9594
  4.9666
  4.9761
  4.9737
  4.9642
  4.9713
  4.9785
  4.9737
  4.9642
  4.9904
  4.9785
  4.9737
  4.9761
   4.957
  4.9594
  4.9546
  4.9474
  4.9331
  4.9427
  4.9427
  4.9737
   4.957
  4.9474
  4.9522
  4.9618
  4.9857
  4.9642
   4.957
   4.957
  4.9427
  4.9474
  4.9522
  4.9451
  4.9307
   4.914
  4.9044
  4.8662
  4.8399
   4.785
   4.711
  4.6321
  4.5461
  4.4768
  4.5007
  4.5867
  4.7372
  4.9498
  5.1839
  5.3655
  5.4276
  5.4324
  5.3583
   5.246
  5.1553
  5.1075
  5.0549
  5.0191
  5.0024
  4.9928
  4.9857
  4.9809
  4.9833
   4.957
  4.9642
  4.9618
  4.9666
  4.9594
  4.9546
  4.9546
  4.9713
  4.9618
  4.9403
  4.9379
  4.9427
  4.9355
  4.9283
  4.9188
  4.9164
  4.9092
  4.9212
  4.9522
  4.9379
  4.9283
  4.9498
  4.9522
  4.9546
  4.9522
  4.9403
  4.9307
  4.9451
  4.9403
  4.9403
  4.9403
  4.9355
  4.9307
  4.9522
  4.9355
  4.9259
  4.9236
  4.9474
  4.9522
  4.9355
  4.9331
  4.9355
  4.9403
  4.9283
  4.9403
  4.9427
  4.9498
  4.9427
  4.9474
  4.9427
   4.957
  4.9498
  4.9474
  4.9522
  4.9331
  4.9427
  4.9451
  4.9498
  4.9427
  4.9331
  4.9331
  4.9283
  4.9331
  4.9451
  4.9307
  4.9379
  4.9451
  4.9474
  4.9355
  4.9427
  4.9451
  4.9498
  4.9451
  4.9498
  4.9379
  4.9451
  4.9451
  4.9379
   4.957
  4.9498
  4.9379
  4.9522
  4.9594
  4.9331
  4.9546
  4.9498
  4.9307
  4.9259
  4.9307
  4.9379
  4.9498
  4.9403
  4.9403
  4.9355
  4.9379
  4.9355
  4.9355
  4.9474
  4.9427
  4.9451
  4.9355
  4.9594
  4.9594
  4.9498
  4.9427
  4.9451
  4.9498
  4.9474
  4.9666
  4.9713
  4.9546
  4.9522
  4.9594
  4.9642
   4.957
  4.9642
  4.9594
  4.9546
  4.9427
  4.9498
  4.9427
  4.9427
  4.9546
  4.9618
  4.9498
  4.9594
  4.9594
  4.9618
  4.9498
  4.9522
  4.9618
  4.9546
  4.9642
   4.957
  4.9642
  4.9618
  4.9666
   4.957
  4.9689
  4.9689
  4.9689
  4.9737
  4.9642
  4.9642
  4.9594
  4.9474
  4.9666
  4.9666
  4.9642
  4.9618
  4.9642
  4.9785
  4.9857
  4.9881
  4.9785
  4.9666
  4.9809
  4.9809
  4.9833
  4.9857
  4.9785
  4.9833
  4.9785
  5.0024
  4.9881
  4.9881
  4.9928
  4.9904
  4.9809
  4.9809
  4.9809
  4.9928
  4.9904
  4.9881
  4.9952
  4.9976
  4.9952
  4.9809
  4.9857
  4.9928
  4.9952
  4.9952
  4.9785
  4.9785
  4.9952
  5.0024
  4.9928
       5
  5.0048
  5.0072
       5
  4.9976
  4.9952
  4.9904
  5.0024
  5.0072
  5.0167
  5.0096
  5.0119
  5.0048
  5.0048
  5.0096
  5.0358
  5.0167
  5.0191
  5.0215
  5.0263
  5.0143
  5.0191
  5.0358
  5.0287
  5.0287
  5.0263
  5.0406
  5.0358
  5.0263
  5.0311
  5.0334
  5.0334
  5.0358
  5.0526
  5.0454
  5.0526
  5.0382
  5.0358
  5.0334
  5.0478
  5.0502
  5.0406
  5.0526
  5.0573
  5.0526
  5.0526
  5.0526
  5.0717
  5.0764
  5.0717
  5.0693
  5.0764
  5.0788
  5.0645
  5.0693
  5.0717
  5.0549
  5.0788
  5.0764
  5.0764
  5.0645
  5.0741
  5.0645
  5.0741
  5.0645
  5.0597
  5.0812
  5.0788
  5.0669
  5.0693
  5.0812
  5.0884
  5.0979
  5.0979
  5.0884
  5.0979
  5.0979
  5.0884
  5.0884
  5.1099
  5.1075
  5.1003
  5.1051
  5.1003
  5.0979
  5.1003
   5.086
  5.1051
  5.1242
  5.1099
  5.1266
  5.1194
  5.1099
  5.1147
  5.1099
  5.0908
  5.1051
  5.1194
  5.1075
  5.1194
  5.1147
  5.1123
  5.0956
  5.1194
   5.086
  5.0932
  5.0932
  5.0979
  5.0908
  5.0836
  5.1171
  5.0908
  5.0764
  5.0932
  5.1266
  5.1744
  5.1816
  5.1816
  5.1624
  5.1505
  5.1314
  5.1242
  5.1409
  5.1386
  5.1433
  5.1505
   5.172
  5.1839
  5.1672
   5.172
   5.172
  5.1816
  5.1409
  5.1362
  5.1481
  5.1433
  5.1457
   5.129
  5.1242
  5.1553
  5.1672
  5.1457
  5.1624
  5.1696
  5.1624
  5.1648
  5.1577
  5.1505
   5.129
  5.1075
  5.1409
  5.1362
  5.1386
  5.1314
  5.1362
  5.1983
  5.1529
  5.1457
  5.1505
  5.1409
  5.1624
  5.1577
   5.129
   5.129
  5.1529
  5.1624
  5.1601
  5.1409
  5.1314
  5.1147
  5.1218
  5.1457
  5.1457
  5.1648
  5.1529
  5.1481
  5.1409
  5.1457
  5.1266
  5.1409
  5.1362
  5.1386
  5.1338
  5.1386
  5.1171
  5.0932
  5.1194
  5.1218
  5.1147
  5.1218
   5.129
   5.129
  5.1314
  5.1481
  5.1362
  5.1194
  5.1266
  5.1266
  5.1409
  5.1147
   5.129
  5.1338
  5.1481
  5.1386
  5.1577
  5.1362
  5.1505
  5.1409
  5.1266
  5.1147
   5.086
  5.0812
  5.1027
  5.1099
  5.1003
  5.0908
  5.1027
  5.0956
  5.0979
  5.1171
  5.0979
  5.0932
  5.0884
  5.1003
  5.1147
  5.1457
  5.1123
  5.1266
  5.1171
  5.1338
  5.1171
  5.1147
  5.1266
  5.1123
  5.1194
  5.1051
  5.0908
  5.1051
  5.1099
  5.1027
  5.1003
  5.0908
  5.1027
  5.1099
  5.0908
  5.0908
  5.0908
  5.0956
  5.0932
  5.0836
  5.0788
  5.0812
  5.0764
  5.0764
  5.0764
  5.0788
  5.0812
  5.0836
  5.0812
  5.0717
  5.0717
  5.0812
  5.0741
  5.0717
  5.0788
  5.0788
  5.0669
  5.0717
  5.0621
  5.0597
  5.0597
  5.0597
  5.0597
  5.0573
  5.0526
  5.0502
  5.0526
  5.0549
  5.0454
  5.0526
  5.0526
  5.0597
  5.0573
  5.0549
  5.0526
  5.0454
  5.0502
  5.0526
  5.0454
   5.043
  5.0406
   5.043
   5.043
  5.0406
   5.043
   5.043
  5.0311
  5.0239
  5.0311
  5.0334
  5.0263
  5.0311
  5.0263
  5.0287
  5.0167
  5.0191
  5.0143
  5.0239
  5.0215
  5.0239
  5.0167
  5.0143
  5.0096
  5.0048
       5
  4.9976
  5.0048
  5.0048
  5.0048
  4.9952
  4.9928
  4.9928
       5
  4.9928
  4.9857
  4.9809
  4.9857
  4.9904
  4.9857
  4.9857
  4.9904
  5.0048
  4.9928
  4.9881
  4.9904
  4.9904
  4.9928
  4.9881
  4.9785
  4.9761
  4.9737
  4.9761
  4.9666
  4.9546
  4.9594
  4.9546
   4.957
  4.9618
  4.9618
  4.9594
  4.9594
  4.9666
  4.9546
  4.9618
  4.9642
  4.9546
  4.9451
   4.957
  4.9618
  4.9642
  4.9546
  4.9522
  4.9474
  4.9403
  4.9427
  4.9355
  4.9379
  4.9307
  4.9403
  4.9451
  4.9474
  4.9379
  4.9403
  4.9307
  4.9403
  4.9307
  4.9355
  4.9259
  4.9283
  4.9236
  4.9236
  4.9427
  4.9355
  4.9427
  4.9307
  4.9236
  4.9259
  4.9259
  4.9164
  4.9116
  4.9092
  4.9116
  4.9092
  4.9116
  4.9164
   4.914
  4.8997
  4.9044
  4.8949
  4.9068
  4.9021
  4.8949
  4.8877
  4.8901
  4.9021
  4.9021
  4.9092
  4.9116
  4.8949
  4.8973
  4.9044
  4.9068
  4.9021
  4.9021
  4.9116
  4.9068
  4.8997
  4.9021
  4.9021
  4.8901
  4.8877
  4.8949
  4.8877
  4.8638
  4.8567
  4.8758
  4.8782
  4.8782
  4.8806
  4.8853
  4.8734
  4.8758
  4.8853
  4.8877
  4.8806
  4.8997
  4.8829
  4.8925
  4.8853
  4.8782
  4.8806
  4.8806
  4.8853
  4.8925
  4.8853
  4.8614
  4.8614
  4.8519
  4.8614
  4.8734
  4.8686
  4.8806
   4.871
  4.8686
  4.8806
  4.8901
  4.8853
  4.8758
  4.8853
  4.8782
  4.8901
  4.8758
  4.8782
  4.9092
  4.8806
  4.8686
  4.8567
  4.8567
   4.871
  4.8877
  4.8877
  4.8782
  4.8853
  4.8925
  4.8853
  4.8829
  4.8853
  4.8853
  4.8829
  4.8758
  4.8853
  4.8758
  4.8901
  4.8734
  4.8782
  4.8614
   4.871
  4.8567
  4.8591
  4.8591
  4.8543
  4.8734
  4.8495
  4.8567
  4.8758
  4.8901
  4.8829
  4.8877
  4.8853
  4.8901
  4.9068
  4.9021
  4.9044
  4.8949
  4.9044
  4.8853
  4.8853
  4.8782
  4.8853
  4.8973
  4.8686
  4.8949
  4.9021
  4.8901
  4.8973
  4.8829
  4.8829
  4.8973
  4.8973
  4.8925
  4.9068
  4.8949
  4.8925
  4.8853
  4.8734
  4.8758
  4.8877
  4.8901
  4.9021
  4.8901
  4.8973
  4.9044
  4.9164
  4.8997
  4.8853
  4.8806
  4.8853
  4.9068
  4.8973
  4.9164
  4.9116
  4.9116
  4.8949
  4.9188
  4.9092
  4.9116
  4.8973
  4.8997
  4.8877
  4.8853
  4.9068
  4.9092
  4.9236
  4.9236
  4.9355
  4.9427
  4.9474
  4.9307
   4.914
  4.9021
  4.9164
  4.9331
  4.8997
   4.914
  4.9236
  4.9236
  4.9355
  4.9331
  4.9307
  4.9212
  4.9188
  4.9188
   4.914
  4.9236
  4.9331
  4.9188
   4.914
  4.9116
  4.9116
  4.9188
  4.9259
  4.9379
  4.9236
  4.9116
  4.9283
  4.9474
  4.9451
  4.9427
  4.9427
  4.9283
  4.9331
  4.9474
  4.9498
  4.9498
  4.9498
  4.9379
  4.9355
  4.9355
  4.9618
  4.9642
  4.9355
  4.9331
  4.9522
  4.9642
  4.9713
  4.9642
  4.9522
  4.9451
  4.9379
  4.9403
  4.9642
  4.9833
  4.9857
  4.9713
  4.9666
  4.9642
  4.9594
  4.9642
  4.9689
  4.9833
  4.9881
  4.9833
  4.9666
  4.9618
  4.9594
  4.9546
  4.9666
  4.9809
  4.9857
  4.9737
  4.9618
  4.9737
  4.9952
  4.9809
  4.9713
  4.9713
  4.9785
  4.9904
  4.9952
  4.9881
  4.9785
  4.9928
  4.9809
  4.9857
  4.9881
  4.9904
  4.9857
  4.9881
  4.9976
  4.9952
  4.9976
       5
  4.9833
  4.9785
  4.9904
  4.9833
  4.9809
  4.9928
  4.9904
  4.9976
  5.0096
  5.0072
  5.0143
  5.0263
  5.0167
  5.0263
  5.0239
  5.0191
  5.0048
  4.9857
  5.0119
  5.0048
  5.0287
  5.0454
  5.0311
  5.0096
  5.0311
       5
  5.0048
  5.0287
  5.0549
  5.0573
